GENERACION ACTUAL: 1
Mejor adaptacion: 1.9230855, Adaptacion promedio: 1.3401685

No	Cromosoma					Valor real	Adaptacion
1	100011110010001110110001	0.9380785	1.9230855
2	100011001011001010110000	0.9220784	1.8652919
3	100100010101101100101111	0.9526063	1.7557332
4	100000100000011011010001	0.8521425	1.6967191
5	011000011000011001001001	0.6391369	1.638624
6	010000111011110111011000	0.4439512	1.4415529
7	000001101101010101110011	0.447859	1.429038
8	100001100000100101111000	0.8784248	1.0424209
9	000111110001100101111101	0.2038141	0.440415
10	000011101010000111011111	0.0958943	0.1688046
GENERACION ACTUAL: 1
Mejor adaptacion: 1.7547436, Adaptacion promedio: 1.1811322

No	Cromosoma					Valor real	Adaptacion
1	011111011000111111011100	0.8228828	1.7547436
2	100000110000000101100110	0.8585574	1.5762597
3	010000100110101011011110	0.4352734	1.4136328
4	001001001000011011011000	0.2393816	1.2206668
5	001001000111010100000110	0.2389254	1.217295
6	010111000101111100101111	0.6053679	1.1041707
7	100001011101111001000101	0.8773189	1.0761147
8	001010001111010111010110	0.2684374	1.009587
9	011010100000011010010000	0.6948496	0.9364731
10	000100001110011000101010	0.1107498	0.5023784
GENERACION ACTUAL: 1
Mejor adaptacion: 1.4656258, Adaptacion promedio: 0.985516

No	Cromosoma					Valor real	Adaptacion
1	011011001110101101000000	0.7138112	1.4656258
2	011011000110100110000010	0.7104898	1.3881124
3	001001101111001011111100	0.2552572	1.2062861
4	000101001101011001101011	0.1365611	1.0785013
5	000010100100111011000101	0.675525	1.0411913
6	000010010110011110010110	0.0616342	0.9821108
7	010110001001010010000001	0.5805185	0.8501053
8	001111011000111110010001	0.4034449	0.7405744
9	010110010011111010000111	0.5848711	0.718154
10	001011000111111101010000	0.2916176	0.3844983
GENERACION ACTUAL: 1
Mejor adaptacion: 1.7042477, Adaptacion promedio: 1.1867461

No	Cromosoma					Valor real	Adaptacion
1	011111010000010110100110	0.8193446	1.7042477
2	011100100000001011011010	0.7471834	1.687266
3	010001011010011011111100	0.4564732	1.3480526
4	011001011011110101110111	0.6667639	1.2756882
5	011001100111011111111101	0.6715389	1.1526343
6	000101011110011000000101	0.1435141	1.1363302
7	011101100011101011101101	0.7748333	1.1065056
8	001100000100011011101100	0.3163884	0.960339
9	000010101000110010111011	0.0691387	0.8702527
10	001011101000000001000110	0.3047494	0.6261449
GENERACION ACTUAL: 1
Mejor adaptacion: 1.5259309, Adaptacion promedio: 1.0568346

No	Cromosoma					Valor real	Adaptacion
1	010100110101101011100100	0.5462756	1.5259309
2	000001110000110000111101	0.461885	1.2620938
3	010111010011101110000110	0.6110086	1.2573037
4	100101001101000110101101	0.9753005	1.1801506
5	000010101011010101110111	0.701815	1.1519633
6	010001110101100001100111	0.4675687	1.1461026
7	000010101010110001000111	0.699463	1.0811931
8	000001010001100001111011	0.0333947	0.9099368
9	001011110011010010010101	0.3093653	0.7666252
10	000011100000101101100000	0.0920416	0.2870455
GENERACION ACTUAL: 1
Mejor adaptacion: 1.8206412, Adaptacion promedio: 1.1772923

No	Cromosoma					Valor real	Adaptacion
1	100000000100101001100111	0.8407655	1.8206412
2	010100101011000100100011	0.5419299	1.5399462
3	010100101101101100110001	0.5430065	1.5382622
4	011001010000010110011011	0.6620571	1.3831105
5	100101110010001000101111	0.9904687	1.2659322
6	010011010100101101000111	0.5065543	0.9875362
7	001100000110000010101010	0.3170474	0.9769874
8	000100101100001001110101	0.1229429	0.8351098
9	010010011000011101101011	0.4818795	0.7657414
10	000110111001010001000100	0.1807428	0.6596555
GENERACION ACTUAL: 1
Mejor adaptacion: 1.8245474, Adaptacion promedio: 1.2655664

No	Cromosoma					Valor real	Adaptacion
1	100000000010101111011010	0.8399834	1.8245474
2	011111100000100110011001	0.8259993	1.7893529
3	010111110010111000100001	0.6237729	1.5199943
4	100101111110101001110001	0.9955953	1.4243583
5	001101000110100100110111	0.3434807	1.3434719
6	100001001011100100111100	0.8698172	1.2959227
7	001001000110011011001001	0.2385609	1.2144512
8	000010001011100000111000	0.571448	1.1053595
9	001000001001010011000010	0.2135234	0.7358384
10	000011010111010011010011	0.0881875	0.4023674
GENERACION ACTUAL: 1
Mejor adaptacion: 1.8337051, Adaptacion promedio: 1.0168389

No	Cromosoma					Valor real	Adaptacion
1	011111111011100011000110	0.8370374	1.8337051
2	100010110100101000000101	0.9128453	1.718462
3	010101100100001110011110	0.5653406	1.2532878
4	001001010111110110000110	0.2456966	1.2456621
5	000101111110011011100001	0.1566433	1.1119217
6	000001010100001000000111	0.0344583	0.9268716
7	001110100001011000110111	0.3806775	0.7559499
8	001111010010110110011110	0.4009374	0.6615206
9	000111001000000100111001	0.1868089	0.4873887
10	000000001100111001111000	0.0052856	0.1736195
GENERACION ACTUAL: 1
Mejor adaptacion: 1.7337404, Adaptacion promedio: 1.0204313

No	Cromosoma					Valor real	Adaptacion
1	011100000010000011001111	0.7348431	1.7337404
2	000010000100001100100010	0.541474	1.5403025
3	001101011100101111000111	0.3525575	1.3118625
4	100101001000110001001100	0.9735244	1.2336437
5	100101101010100100001011	0.9873675	1.1662332
6	001010100010000000111100	0.2760764	0.8327142
7	000100011001001001110100	0.1151604	0.6323296
8	000000000100111000010111	0.019991	0.6169554
9	001111001100000011110111	0.3981559	0.571888
10	000111111011001101100010	0.2077538	0.5646436
GENERACION ACTUAL: 1
Mejor adaptacion: 1.7506021, Adaptacion promedio: 1.1825865

No	Cromosoma					Valor real	Adaptacion
1	100000010111010110000111	0.8484231	1.7506021
2	000001101110101110101100	0.453548	1.3835533
3	001101011000000101110011	0.3506547	1.3253648
4	011110100110110110000001	0.8023425	1.3183803
5	001001010010100001111001	0.2435193	1.2416371
6	010011101011011000100100	0.5158436	1.2325249
7	100101001110000100000110	0.9756934	1.1682214
8	000100101110100100011101	0.1239325	0.8579694
9	000001000110011110010000	0.0288656	0.8267028
10	000110110011100111111001	0.1784313	0.720909
GENERACION ACTUAL: 1
Mejor adaptacion: 1.5023079, Adaptacion promedio: 1.0348922

No	Cromosoma					Valor real	Adaptacion
1	010100111101110100110011	0.5496115	1.5023079
2	010000110100111011011110	0.4411102	1.4408761
3	011101000101100101110000	0.7625072	1.4312457
4	001001011001011101111101	0.2463613	1.2459238
5	010101101010110111000110	0.5680582	1.1903707
6	011110010101011001101101	0.7951981	1.1036812
7	000010101010000001011000	0.0696408	0.8610354
8	001011100111011001100100	0.3044964	0.618215
9	000111111001110000001011	0.2071563	0.5461211
10	000011010110101111001101	0.0879565	0.4091454
GENERACION ACTUAL: 1
Mejor adaptacion: 1.8952055, Adaptacion promedio: 1.3142668

No	Cromosoma					Valor real	Adaptacion
1	100011111100100000011110	0.9422878	1.8952055
2	011000100001111001110111	0.6430327	1.6307813
3	011100110111010101110101	0.7566709	1.5518315
4	000010010111011110101110	0.620462	1.4647462
5	010000111010110101101010	0.4435306	1.4419735
6	010001010100000010111010	0.4538554	1.3802003
7	000010111011100111010101	0.768469	1.2840908
8	000010111100010100001010	0.771338	1.2062362
9	000010111010100010010110	0.0764054	0.7180341
10	010010110100010000000000	0.4932608	0.5695689
GENERACION ACTUAL: 1
Mejor adaptacion: 1.7108044, Adaptacion promedio: 0.9401431

No	Cromosoma					Valor real	Adaptacion
1	100010110011101100100110	0.9124646	1.7108044
2	000000001010111110011100	0.44956	1.4187802
3	011011000001111001101011	0.7085675	1.3396993
4	001100011010010110110010	0.3253682	1.1597468
5	000101000110101001100010	0.1337954	1.0423705
6	001110001001101000011001	0.3709465	1.0121631
7	010110010001111011100000	0.5840608	0.7429943
8	000000010100111011001111	0.085711	0.4740613
9	000111101101001000111000	0.2019896	0.3814933
10	000011110001001111111011	0.0988155	0.1193174
GENERACION ACTUAL: 1
Mejor adaptacion: 1.7339077, Adaptacion promedio: 0.9915824

No	Cromosoma					Valor real	Adaptacion
1	000010110100100101010010	0.739666	1.7339077
2	100010110101101110111001	0.9132985	1.727422
3	000011101100001000011111	0.967199	1.416121
4	000101011011011000010100	0.1422868	1.1296394
5	000001011100010011000100	0.0378052	0.9733387
6	001010010100011110011011	0.2705307	0.9650817
7	000001000110001110110010	0.0287666	0.8246899
8	000000101000001001100000	0.0164448	0.5187249
9	000000010101101001000011	0.088643	0.3889521
10	000111100010011100101000	0.1976104	0.2379469
GENERACION ACTUAL: 1
Mejor adaptacion: 1.841683, Adaptacion promedio: 1.2736954

No	Cromosoma					Valor real	Adaptacion
1	100100001000010110110101	0.9471413	1.841683
2	011111110101011101011101	0.8345437	1.834542
3	100010111111011111111011	0.9172987	1.7988907
4	100100110111101001100110	0.9665126	1.4349518
5	010001100101001100000011	0.4608771	1.2800091
6	000001010000001111111110	0.328702	1.2170276
7	011001100100110011011001	0.6704345	1.1822052
8	001001111110101000111101	0.2615869	1.1309921
9	000000110011011010100010	0.210594	0.6507952
10	001011010100010101011100	0.2966876	0.3658576
GENERACION ACTUAL: 1
Mejor adaptacion: 1.7367908, Adaptacion promedio: 0.9230238

No	Cromosoma					Valor real	Adaptacion
1	011100001000010101000101	0.7374149	1.7367908
2	010011111101011101111001	0.5232505	1.3836498
3	011101001111101111010111	0.7666647	1.3308704
4	001110001010010001100010	0.3712098	1.0059382
5	001110011000010000010100	0.3769364	0.8602237
6	001111100000111110010110	0.4067222	0.8405526
7	000000000000000010110101	0.181	0.6526714
8	000111111111011000101000	0.2094632	0.6168923
9	010010100111000011100101	0.4878565	0.5842618
10	000000010000010001101011	0.0066667	0.2183866
GENERACION ACTUAL: 1
Mejor adaptacion: 1.4473356, Adaptacion promedio: 1.0508598

No	Cromosoma					Valor real	Adaptacion
1	011011001100101101011111	0.7129951	1.4473356
2	010000001101000110101110	0.4247982	1.2806377
3	100101000110010001000110	0.9724998	1.2641322
4	001100100100001111001110	0.3294158	1.227998
5	001001101011010110011001	0.2536857	1.2190499
6	000110000011010001000010	0.1586242	1.093252
7	100001100000011010011100	0.8783516	1.044658
8	000010010010100001101000	0.600168	0.9485272
9	000010101111110000100100	0.0719908	0.8152219
10	000000001100011101111000	0.0051064	0.167785
GENERACION ACTUAL: 1
Mejor adaptacion: 1.8863233, Adaptacion promedio: 1.1154544

No	Cromosoma					Valor real	Adaptacion
1	100011001111111110101100	0.9240492	1.8863233
2	011111011011111010011101	0.8240797	1.7691499
3	100110000100110100110110	0.9981238	1.4985016
4	010001011011110111111001	0.4570617	1.3399552
5	000000001100110010001110	0.052366	1.0468674
6	000110010100100101101010	0.1657194	0.9963084
7	000010011010011000110011	0.0632371	0.9624668
8	000010100111011100010111	0.0685847	0.8801827
9	010110010011100001111100	0.5847164	0.7229039
10	000000000011110101110001	0.0015729	0.0518845
GENERACION ACTUAL: 1
Mejor adaptacion: 1.4161247, Adaptacion promedio: 1.0926871

No	Cromosoma					Valor real	Adaptacion
1	010100000010010010110011	0.5252275	1.4161247
2	011001010001010110011111	0.6624671	1.3743681
3	011001011001111100000100	0.6659844	1.2945035
4	010011101110011111100001	0.5171169	1.2616115
5	011001101010110000100000	0.6728736	1.1160988
6	100101010111001110110101	0.9794485	1.0529567
7	000001011011000101110010	0.0373106	0.9671364
8	001110010000110100111101	0.3738941	0.9399878
9	000110101011101010011001	0.1751705	0.8021963
10	000000111000111001101111	0.0233071	0.7018867
GENERACION ACTUAL: 1
Mejor adaptacion: 1.6491813, Adaptacion promedio: 1.2802967

No	Cromosoma					Valor real	Adaptacion
1	011011100111111010000010	0.7241346	1.6491813
2	011000100001010110110111	0.6428087	1.6316505
3	100110000101010111101011	0.9983467	1.5048873
4	010100001000100010000101	0.5277829	1.4528034
5	011101000101011111000110	0.7624646	1.4322161
6	010000100001101111001011	0.4332491	1.3961627
7	011110010110100000110111	0.7956535	1.1179655
8	010001111011010111101001	0.4699625	1.0902924
9	000110010111111101000011	0.1670979	0.9723215
10	000100010010101100100101	0.1125157	0.5554866
GENERACION ACTUAL: 1
Mejor adaptacion: 1.7336862, Adaptacion promedio: 1.1587767

No	Cromosoma					Valor real	Adaptacion
1	011100001110000010110011	0.7397555	1.7336862
2	100100100010011100011111	0.9578271	1.6506954
3	011000001101111101111011	0.6348667	1.6293992
4	100010001100000100011111	0.8962335	1.2903792
5	011001100110110101101100	0.6712684	1.1599341
6	000101000111111110100011	0.1343395	1.0500495
7	011101111001001100100000	0.7836448	0.839723
8	000110101101001010001000	0.1757832	0.7874161
9	010010111111111101110101	0.4980597	0.7259857
10	001010101100010001101000	0.2802792	0.7204991
